Number	Selection	P_fix	P_fix_MH
100	-0.0071767395973	0.00451624632081	0.241473766223
101	-522.901277545	0.0	0.0
102	-423.021317108	0.0	0.0
103	-0.699296155611	5.54799014021e-61	7.36730421945e-61
104	0.00524733667347	0.0160642947122	1.0
105	-0.0162194002573	0.00133847652344	0.0402984911591
106	-34.4812754385	0.0	0.0
107	-0.00113208991714	0.00892068975709	0.799192206282
108	-547.619310865	0.0	0.0
109	-152.865612812	0.0	0.0
110	-0.0732393648222	6.86246268369e-08	5.03644973474e-07
111	-0.0537733229887	2.42369176756e-06	2.37692470931e-05
112	-10.1897914282	0.0	0.0
113	-1.03124809441	1.83487216621e-89	2.10212888074e-89
114	-0.589986052094	1.28077001712e-51	1.84891952544e-51
115	-414.958936534	0.0	0.0
116	-423.008411994	0.0	0.0
117	-709.7756926	0.0	0.0
118	-0.841818237827	3.33101607306e-73	4.09063697992e-73
119	-0.00918977224841	0.00351071934552	0.162094641882
120	-0.50479832597	2.48567270352e-44	3.91054030448e-44
121	-4.07708074756	0.0	0.0
122	-414.337388976	0.0	0.0
123	-0.321644464787	1.04201491309e-28	2.1963097727e-28
124	-0.169350674368	7.86730946884e-16	2.73831528021e-15
125	-0.0409711962449	2.35955876842e-05	0.000299829416561
126	-252.895382483	0.0	0.0
127	-99.9562783376	0.0	0.0
128	-0.00267179905677	0.00758527480101	0.589184316384
129	-2.32896816149	5.3354670195e-201	5.38656406476e-201
130	-0.00648705502087	0.00490961500819	0.276806411068
131	-0.600364491953	1.65563901924e-52	2.36849664994e-52
132	-321.921893363	0.0	0.0
133	-0.0199654448387	0.000765449495325	0.0191939898412
134	-68.1878797191	0.0	0.0
135	-130.155426192	0.0	0.0
136	-0.540865171225	2.04660289645e-47	3.09626166151e-47
137	-93.6719401825	0.0	0.0
138	-54.6448689179	0.0	0.0
139	0.000361443994164	0.0103620525874	1.0
140	-0.0803249036451	1.83780467563e-08	1.23833127737e-07
141	-0.928715303113	1.16356432658e-80	1.37875018144e-80
142	0.00412692274767	0.0146278448656	1.0
143	-0.00962039303151	0.00332153017785	0.1488467806
144	-0.867707562134	2.00131209866e-75	2.42974101159e-75
145	0.00126795919894	0.0113071494681	1.0
146	-42.7981857595	0.0	0.0
147	-20.6338389746	0.0	0.0
148	-4.69995592921	0.0	0.0
149	0.00392921767518	0.014382038472	1.0
150	-3.7250231083	0.0	4.83196201633e-321
151	-0.419597484833	4.7096335737e-37	8.29245813935e-37
152	-0.0492515606543	5.45885974668e-06	5.81893034551e-05
153	-709.7756926	0.0	0.0
154	-709.7756926	0.0	0.0
155	-0.305383211988	2.51178276175e-27	5.49545582525e-27
156	-66.9566633487	0.0	0.0
157	0.00564815582358	0.0165956831274	1.0
158	-0.555484576389	1.14888840536e-48	1.71281521049e-48
159	-0.0151926843501	0.00155231267687	0.0493828786292
160	-26.3172629773	0.0	0.0
161	-5.45581016981	0.0	0.0
162	-0.00511821411707	0.00576959041077	0.36298041651
163	-20.7586674734	0.0	0.0
164	-709.7756926	0.0	0.0
165	-437.714178165	0.0	0.0
166	0.000671562622084	0.0106794178126	1.0
167	-4.57709520141	0.0	0.0
168	-3.06286741563	4.1892762193e-264	4.19845355289e-264
169	0.00701937603675	0.018480204989	1.0
170	-0.0284199450766	0.000199530070278	0.00359882050334
171	-709.7756926	0.0	0.0
172	-0.339302523358	3.2796911364e-30	6.65689503476e-30
173	-121.663309626	0.0	0.0
174	0.0070202933316	0.0184814990874	1.0
175	0.00700284012882	0.018456883977	1.0
176	0.00325048501835	0.0135561057529	1.0
177	-0.0369114921221	4.76979251169e-05	0.000669837481334
178	-1.12809958651	8.83720904501e-98	9.87119564014e-98
179	-109.705419894	0.0	0.0
180	-495.37627309	0.0	0.0
181	-64.0982541417	0.0	0.0
182	-0.330834666264	1.72298042996e-29	3.55979791077e-29
183	-0.0537733229887	2.42369176756e-06	2.37692470931e-05
184	-34.1829263294	0.0	0.0
185	-249.231857211	0.0	0.0
186	-0.928892289081	1.12356898921e-80	1.33127110183e-80
187	-8.34309373753	0.0	0.0
188	-0.0131602973138	0.00206706494848	0.0738485526928
189	0.00509099091261	0.0158594843601	1.0
190	-0.0310260003992	0.00012950705151	0.0021481504153
191	-368.264138104	0.0	0.0
192	-247.370332164	0.0	0.0
193	-0.0212674574474	0.000626562422844	0.0148321734696
194	-0.0214449504145	0.000609559718965	0.0143199704347
195	-3.3242635484	1.39634379284e-286	1.39815570403e-286
196	-6.74046799834	0.0	0.0
197	-0.775234922156	1.71299152557e-67	2.17425623184e-67
198	-294.931660467	0.0	0.0
199	-1.51719905199	3.26720802891e-131	3.4323147506e-131
200	-19.4979796885	0.0	0.0
201	-8.24279906419	0.0	0.0
202	-3.50405818785	4.8368900834e-302	4.84126906328e-302
203	0.00207438090123	0.0121920977687	1.0
204	-0.0260191870844	0.000295167172403	0.00578898072945
205	-0.132970613798	8.59275364567e-13	3.67973075044e-12
206	-0.815101222735	6.52395251327e-71	8.1132578977e-71
207	0.00101183007906	0.0110347644071	1.0
208	-297.870586833	0.0	0.0
209	-10.7140157531	0.0	0.0
210	-51.6300853038	0.0	0.0
211	-5.62029554854	0.0	0.0
212	-102.555002745	0.0	0.0
213	-1.41356292225	2.63508757174e-122	2.8008494307e-122
214	0.0070202933316	0.0184814990874	1.0
215	-0.00619430273613	0.00508454255137	0.293325624172
216	0.00680950775475	0.0181852765431	1.0
217	-709.7756926	0.0	0.0
218	-6.13172333313	0.0	0.0
219	-444.237509469	0.0	0.0
220	-0.0164843774302	0.00128777364815	0.0382387174374
221	-20.3129782817	0.0	0.0
222	-0.33474974629	8.00235097433e-30	1.63970759693e-29
223	-37.8957585628	0.0	0.0
224	-318.376914441	0.0	0.0
225	0.00653146807013	0.0177981038143	1.0
226	-0.00227672602842	0.00791346566039	0.637123507024
227	0.0070202933316	0.0184814990874	1.0
228	-0.252445614624	7.7676413571e-23	1.95940400973e-22
229	-74.4907306247	0.0	0.0
230	0.00214113134081	0.0122671966788	1.0
231	-0.0391488662352	3.24046769247e-05	0.000430107442342
232	-48.3532502321	0.0	0.0
233	0.00702027718019	0.018481476301	1.0
234	-6.69124024095	0.0	0.0
235	-70.0529043908	0.0	0.0
236	-709.7756926	0.0	0.0
237	0.007014080779	0.018472735412	1.0
238	-0.0393066227553	3.15294011305e-05	0.000416880350934
239	-0.0131932788975	0.0020576407984	0.0733678667653
240	-0.0235509316695	0.000438153256705	0.00943730836253
241	0.00372570002304	0.0141314538698	1.0
242	0.00683682398452	0.0182235341316	1.0
243	-0.0671302374885	2.12114769876e-07	1.68830241383e-06
244	-17.8993498448	0.0	0.0
245	-61.6855296412	0.0	0.0
246	-709.7756926	0.0	0.0
247	-0.0412305420774	2.25503255416e-05	0.000284821659038
248	-4.26479799303	0.0	0.0
249	-0.058159987145	1.09508852837e-06	9.97251793511e-06
250	0.00680207064567	0.0181748673086	1.0
251	-0.588618393541	1.67705969753e-51	2.42394849867e-51
252	-52.6877261497	0.0	0.0
253	-12.5524215533	0.0	0.0
254	-41.5173017949	0.0	0.0
255	-0.0383874000557	3.69752202448e-05	0.000500098633985
256	-60.4182057572	0.0	0.0
257	-0.104372643808	1.99544936898e-10	1.05916659002e-09
258	-0.00918977224841	0.00351071934552	0.162094641882
259	-31.1709644741	0.0	0.0
260	-0.0224850860609	0.000518277889048	0.0116546849281
261	-423.85409356	0.0	0.0
262	-0.699326599203	5.5147584853e-61	7.32302892809e-61
263	-484.213597383	0.0	0.0
264	-265.229460973	0.0	0.0
265	-0.0624850246799	4.97561483068e-07	4.23539109166e-06
266	-195.572907665	0.0	0.0
267	-709.7756926	0.0	0.0
268	-0.00106522892647	0.00898213087546	0.809842635427
269	-271.35456735	0.0	0.0
270	0.000214885833439	0.0102142299329	1.0
271	-0.0554900847388	1.77732287494e-06	1.69196180438e-05
272	-186.181596545	0.0	0.0
273	-0.00795822504595	0.00410136001851	0.206856790372
274	-8.57579606415	0.0	0.0
275	-0.00841494885857	0.00387352428301	0.188971347868
276	-0.0107981752569	0.0028470676045	0.117885825802
277	0.00702027718019	0.018481476301	1.0
278	0.00245259037385	0.0126213173177	1.0
279	-4.00913225478	0.0	0.0
280	-3.45428257077	9.22031322475e-298	9.22953528841e-298
281	-56.6538159874	0.0	0.0
282	-27.081061669	0.0	0.0
283	-646.654387781	0.0	0.0
284	-0.00823403387771	0.00396250855963	0.195863222492
285	0.0070202933316	0.0184814990874	1.0
286	-1.9800406885	5.33745529172e-171	5.44117254529e-171
287	0.00672367806183	0.0180653228635	1.0
288	-282.351960837	0.0	0.0
289	-238.99218782	0.0	0.0
290	-0.443194901484	4.55834678504e-39	7.7541496044e-39
291	-4.57095020925	0.0	0.0
292	-0.00251706700959	0.00771263080003	0.607514480462
293	-0.088355806208	4.08991842752e-09	2.52497488152e-08
294	-19.7431800819	0.0	0.0
295	-0.0186344510221	0.000936433559145	0.0249814606712
296	-1.15345013251	5.8737945946e-100	6.52331748401e-100
297	-0.0280451108702	0.000212202748712	0.00387607609689
298	-0.33474974629	8.00235097433e-30	1.63970759693e-29
299	-0.00392052905078	0.00661253892951	0.46012147326
300	-0.0316885249832	0.000115905811508	0.00188405681507
301	-57.7931946486	0.0	0.0
302	-3.57732266118	0.0	2.42618903581e-308
303	-0.00456109402063	0.00615094010199	0.405312616886
304	-0.35858178327	7.49200018007e-32	1.46366680199e-31
305	0.0061415942092	0.0172621441894	1.0
306	-0.0533765897221	2.60343380226e-06	2.57116910463e-05
307	-0.0534070070537	2.5891983733e-06	2.55573043756e-05
308	-0.00111485080174	0.00893650382012	0.801924785849
309	-0.0067314454559	0.00476724170882	0.263730850843
310	-0.0343808255465	7.35412750841e-05	0.00110555980857
311	-145.875502687	0.0	0.0
312	-0.00133056803213	0.00874000014935	0.768394143067
313	-0.0053070524523	0.00564450909725	0.349659174683
314	0.00701937603675	0.018480204989	1.0
315	0.00214113134081	0.0122671966788	1.0
316	-0.915146858525	1.69953488441e-79	2.02413886582e-79
317	-0.0330141026942	9.27186792016e-05	0.00144912937567
318	-50.9392867992	0.0	0.0
319	-0.00654865453102	0.0048734174311	0.273450790831
320	0.00678353993223	0.0181489436924	1.0
321	-0.0326979289899	9.78025500634e-05	0.00154274814989
322	-0.0109501199281	0.00279024798029	0.114392044246
323	-415.768758333	0.0	0.0
324	-15.6337442149	0.0	0.0
325	-0.0701098912168	1.22446375616e-07	9.35898823448e-07
326	-4.17959217139	0.0	0.0
327	0.00509561353777	0.0158655198981	1.0
328	-0.0414872514213	2.156047211e-05	0.000270706383164
329	-0.530118269435	1.69940327093e-46	2.59996226022e-46
330	-4.57095020925	0.0	0.0
331	0.00125225593534	0.0112903285856	1.0
332	-0.000268454421717	0.00973656131113	0.948233996437
333	-0.000656034095729	0.00936444986926	0.87818785449
334	-0.0320952771696	0.000108251194077	0.0017382700585
335	-0.106303849993	1.38397652516e-10	7.22602166752e-10
336	-0.00191469698723	0.00822294192973	0.684470314414
337	-143.492369279	0.0	0.0
338	0.00619431599044	0.01733414147	1.0
339	-50.2288660486	0.0	0.0
340	-0.106303849993	1.38397652516e-10	7.22602166752e-10
341	-0.851277170905	5.14105438984e-74	6.28657899284e-74
342	-92.3752745019	0.0	0.0
343	-236.290438677	0.0	0.0
344	-4.84294959729	0.0	0.0
345	0.00325048501835	0.0135561057529	1.0
346	0.0068519827665	0.0182447815148	1.0
347	-0.0455623090126	1.05227548026e-05	0.00012080448031
348	-0.530393224418	1.60982805476e-46	2.46220143713e-46
349	-0.0174747485806	0.00111326861688	0.0314297551367
350	-1.19461936409	1.70821765401e-103	1.88067450055e-103
351	-25.1354673932	0.0	0.0
352	-225.365955927	0.0	0.0
353	-0.00661958129993	0.00483199971675	0.269637423767
354	0.00633036011942	0.0175206194747	1.0
355	0.0070202933316	0.0184814990874	1.0
356	-0.164152440543	2.14494758702e-15	7.66445316124e-15
357	-0.0599095300251	7.9639972887e-07	7.05279232585e-06
358	-0.0903050331125	2.836322042e-09	1.71649459947e-08
359	-709.7756926	0.0	0.0
360	-96.1636852158	0.0	0.0
361	-376.19919817	0.0	0.0
362	-0.00277796559683	0.00749876910525	0.57692835507
363	-0.817936174346	3.72674940532e-71	4.62825118101e-71
364	-225.716377047	0.0	0.0
365	-79.0695775619	0.0	0.0
366	-709.7756926	0.0	0.0
367	-0.25192191245	8.60258540078e-23	2.17348828335e-22
368	-0.237526226419	1.42137304684e-21	3.75877881675e-21
369	-5.73964414114	0.0	0.0
370	-0.00135000744773	0.00872243959706	0.765442275236
371	0.00298691269522	0.0132429521196	1.0
372	-22.2125511074	0.0	0.0
373	-51.0853879805	0.0	0.0
374	0.00142227329538	0.0114732853648	1.0
375	-1.28626408431	2.28700454915e-111	2.47603039187e-111
376	-0.403329293728	1.1503439011e-35	2.07773445662e-35
377	-0.00082207811109	0.009208006453	0.849785371079
378	-709.7756926	0.0	0.0
379	-0.0186463797219	0.000934756446809	0.0249225270195
380	-305.497663953	0.0	0.0
381	-0.340578001271	2.55441860112e-30	5.17121948674e-30
382	-17.7584026504	0.0	0.0
383	-2.05592831315	1.59558832622e-177	1.62215490817e-177
384	-0.195132735884	5.36838572767e-18	1.6614070701e-17
385	-226.244766791	0.0	0.0
386	0.00145736829267	0.0115112813348	1.0
387	-175.193547361	0.0	0.0
388	-244.024100832	0.0	0.0
389	0.000590574156728	0.0105959384629	1.0
390	-3.71126563338	0.0	7.36404845126e-320
391	-0.100076947775	4.49757458291e-10	2.4794336758e-09
392	0.000590574156728	0.0105959384629	1.0
393	-0.00499358695868	0.00585329273864	0.372048812166
394	-0.161896540285	3.31374468725e-15	1.19802734551e-14
395	-0.435251008746	2.17270835747e-38	3.73793680257e-38
396	-5.88490763822	0.0	0.0
397	-709.7756926	0.0	0.0
398	-0.119880269809	1.0476418618e-11	4.91426696887e-11
399	-0.221791701242	3.03578203851e-20	8.47351158803e-20
400	-0.189195955145	1.69568270519e-17	5.38247046028e-17
401	-3.80202740129	0.0	0.0
402	-0.00668879530406	0.00479185042901	0.265967416995
403	-110.976512056	0.0	0.0
404	-0.446727332717	2.27609697287e-39	3.85282539795e-39
405	0.00500133574833	0.0157426681638	1.0
406	-0.00648705502087	0.00490961500819	0.276806411068
407	-20.766774706	0.0	0.0
408	-0.00713923640103	0.00453697093247	0.2432735357
409	-0.000941896766385	0.00909622308837	0.829862246744
410	0.0070202933316	0.0184814990874	1.0
411	0.00406509304917	0.0145507211981	1.0
412	-0.173195088516	3.7447087629e-16	1.27908997593e-15
413	-0.0113490946562	0.00264561923705	0.105703133436
414	-3.30152124077	1.26061989844e-284	1.26233191772e-284
415	-370.314142681	0.0	0.0
416	0.00700984083138	0.0184667555187	1.0
417	0.00453381034275	0.0151410318865	1.0
418	-0.4674100581	3.89672545049e-41	6.41601564415e-41
419	-416.155457452	0.0	0.0
420	-210.125388818	0.0	0.0
421	0.00630126224805	0.0174806505418	1.0
422	-190.058335738	0.0	0.0
423	-0.252445614624	7.7676413571e-23	1.95940400973e-22
424	-709.7756926	0.0	0.0
425	0.00474688040718	0.0154136475786	1.0
426	-0.149954952868	3.30232729333e-14	1.27446379978e-13
427	0.00306932852541	0.0133404117313	1.0
428	-709.7756926	0.0	0.0
429	-1.02340821388	8.64487521511e-89	9.92688693471e-89
430	-42.5310157384	0.0	0.0
431	-0.0587549058344	9.82783943007e-07	8.86436407638e-06
432	-0.011702392704	0.00252293927612	0.0985615793189
433	-1.21891765412	1.39701346386e-105	1.53072158432e-105
434	-0.0038883909101	0.00663635854969	0.463058723558
435	-0.01447303434	0.00171986418046	0.056945489156
436	-0.0250922579877	0.000342696132052	0.00695519037515
437	-0.0189326299292	0.000895328757604	0.0235492636628
438	-1.18006778795	3.03767282352e-102	3.35434819203e-102
439	-387.235443034	0.0	0.0
440	-51.0853879805	0.0	0.0
441	-0.0085923467473	0.00378786033305	0.182448989254
442	-0.250631181658	1.10637483636e-22	2.80638752384e-22
443	-27.554927507	0.0	0.0
444	-11.9628062129	0.0	0.0
445	-0.0359882796563	5.58903981128e-05	0.000804186482767
446	-0.565430679789	1.6187796905e-49	2.39024281831e-49
447	0.00517060288476	0.0159636005065	1.0
448	0.00418377206381	0.014698957094	1.0
449	-7.27172633049	0.0	0.0
450	-0.0195927792205	0.000810162052142	0.0206638333976
451	-1.96437699578	1.18574514951e-169	1.20953447186e-169
452	-0.0300488661454	0.000152415626104	0.00260668625926
453	0.00272969603263	0.0129414871354	1.0
454	-1.43154658555	7.50478745621e-124	7.95919283282e-124
455	-0.069564875598	1.35410999725e-07	1.04254536523e-06
456	0.00192819841058	0.0120286154857	1.0
457	-0.216453571155	8.56775473089e-20	2.43832097687e-19
458	0.00517467047115	0.0159689297935	1.0
459	-1.58389265572	6.05208859498e-137	6.31805815731e-137
460	-0.0086906393157	0.00374106726517	0.178932509792
461	-709.7756926	0.0	0.0
462	-0.0633441200096	4.25145620252e-07	3.57289001409e-06
463	-0.00521868661384	0.00570277897559	0.355830797321
464	-0.000690801212661	0.00933154536474	0.872163266733
465	-0.0417842101582	2.04685372883e-05	0.000255248338226
466	-0.0360030856687	5.57487779919e-05	0.000801832389654
467	0.00317923410616	0.0134710301768	1.0
468	-0.00100946527608	0.00903359504085	0.818833817573
469	-0.00694995419527	0.00464272908541	0.252563915738
470	-0.0166710636795	0.00125309898877	0.0368510705747
471	0.00668143801544	0.0180064313638	1.0
472	-1.1043577001	9.66961393635e-96	1.08628021637e-95
473	0.00701202358861	0.018469833897	1.0
474	-1.93232961717	6.74804792942e-167	6.89258591861e-167
475	-2.62641077985	1.41857115355e-226	1.42603320468e-226
476	-0.66935251755	2.04229626964e-58	2.76803288671e-58
477	-0.00746003089109	0.00436212858442	0.228301965446
478	-2.12739084601	1.14497933418e-183	1.16146775052e-183
479	-369.48997454	0.0	0.0
480	-709.7756926	0.0	0.0
481	-0.0167210782084	0.0012439537978	0.0364879399522
482	0.00472553230385	0.0153862141388	1.0
483	-6.57516496833	0.0	0.0
484	-0.00502419895402	0.00583264782712	0.369800579526
485	0.0070202933316	0.0184814990874	1.0
486	-709.7756926	0.0	0.0
487	0.00566989108092	0.0166247564047	1.0
488	-709.7756926	0.0	0.0
489	-0.491396103243	3.4760717631e-43	5.55517850412e-43
490	0.0070202933316	0.0184814990874	1.0
491	-0.52777371543	2.69663591894e-46	4.1359565118e-46
492	-4.23701675237	0.0	0.0
493	0.0055067572258	0.0164071914275	1.0
494	-359.698348803	0.0	0.0
495	-0.0382823295131	3.76534520453e-05	0.000510611646698
496	-29.9737352874	0.0	0.0
497	0.00417150124775	0.0146835913908	1.0
498	-0.0015173297945	0.00857229608525	0.740498775187
499	0.00199396309444	0.012101995793	1.0
500	-0.0340902145503	7.72655573444e-05	0.00117104065011
501	-0.0008890427833	0.00914541817185	0.838592430119
502	-21.326549776	0.0	0.0
503	-116.383848738	0.0	0.0
504	-0.00098272515322	0.0090583447112	0.823180666654
505	-294.931660467	0.0	0.0
506	-709.7756926	0.0	0.0
507	-59.8813522356	0.0	0.0
508	-468.534935966	0.0	0.0
509	0.00701960761859	0.0184805316952	1.0
510	-0.00129003174073	0.00877669689081	0.77458623334
511	-0.0145570749241	0.00169950319942	0.0560057544794
512	0.00652908843191	0.0177948078105	1.0
513	-0.0306165681491	0.000138669931329	0.0023295492303
514	0.00609331657247	0.0171963484018	1.0
515	-0.00245495858355	0.00776417804595	0.615031495961
516	-34.7134085646	0.0	0.0
517	-130.155426192	0.0	0.0
518	-80.9176430967	0.0	0.0
519	-140.76830413	0.0	0.0
520	-48.2360472921	0.0	0.0
521	-0.0772289158311	3.27162364328e-08	2.28592399413e-07
522	-0.0960877428608	9.55039108191e-10	5.46242456386e-09
523	-149.961589674	0.0	0.0
524	-18.6542756079	0.0	0.0
525	-78.0218840141	0.0	0.0
526	-0.775234922156	1.71299152557e-67	2.17425623184e-67
527	-0.538506666692	3.25677447194e-47	4.93908141573e-47
528	-0.0830722354876	1.10027294665e-08	7.18774949166e-08
529	-0.435251008746	2.17270835747e-38	3.73793680257e-38
530	-91.3371706206	0.0	0.0
531	-0.066105557324	2.56117078767e-07	2.06805842423e-06
532	-709.7756926	0.0	0.0
533	-1.75175000211	2.25532636764e-151	2.32529897896e-151
534	-0.0142713761185	0.00176960437931	0.0592652308371
535	-0.0127265900903	0.00219453996573	0.0804704825751
536	-66.1561107214	0.0	0.0
537	-301.619897236	0.0	0.0
538	-22.2491887105	0.0	0.0
539	-709.7756926	0.0	0.0
540	-208.592700876	0.0	0.0
541	0.00598400288192	0.0170478388383	1.0
542	0.00701911449327	0.0184798360174	1.0
543	-709.7756926	0.0	0.0
544	-178.817189325	0.0	0.0
545	-12.0549928192	0.0	0.0
546	-0.209568435494	3.26333437665e-19	9.53116102859e-19
547	-0.00558440211555	0.00546458627641	0.330975270168
548	-29.9737352874	0.0	0.0
549	-0.00178892088148	0.00833242397658	0.701730161252
550	-709.7756926	0.0	0.0
551	-1.54664005093	9.6336173813e-134	1.00912869943e-133
552	-49.0388890481	0.0	0.0
553	-8.05231441267	0.0	0.0
554	-8.24279906419	0.0	0.0
555	-709.7756926	0.0	0.0
556	0.00667645752941	0.0179994937201	1.0
557	-0.0150358041228	0.00158754616559	0.0509408962012
558	-149.961589674	0.0	0.0
559	-2.94065408228	1.3521895972e-253	1.35597429995e-253
560	-0.0387891194479	3.44905612781e-05	0.000461861428269
561	-4.59229059857	0.0	0.0
562	0.00641543413465	0.0176377385119	1.0
563	-0.00760350020131	0.00428570208046	0.221907857437
564	-0.0227573518679	0.000496593481374	0.01104303165
565	-266.534139808	0.0	0.0
566	-7.77435413909	0.0	0.0
567	-84.5931419111	0.0	0.0
568	-0.439146772151	1.01024107654e-38	1.72835942232e-38
569	-0.0368367629879	4.83149410209e-05	0.000679822331185
570	-689.009772317	0.0	0.0
571	-0.00135000744773	0.00872243959706	0.765442275236
572	0.00678719171298	0.0181540509414	1.0
573	0.000425570500566	0.0104271686553	1.0
574	-0.00235901820569	0.00784428638456	0.62682642881
575	-23.0999038199	0.0	0.0
576	-0.339283858455	3.29170761458e-30	6.68154210997e-30
577	-90.2972230964	0.0	0.0
578	-294.931660467	0.0	0.0
579	-709.7756926	0.0	0.0
580	-0.222344486881	2.72643465999e-20	7.59502522552e-20
581	-0.00182893850299	0.00829748050387	0.696191979831
582	-0.0607167612664	6.87362430466e-07	6.01100422673e-06
583	-0.00387704209223	0.00664478506076	0.464100416981
584	-0.0109436903224	0.00279263267679	0.114537765139
585	-0.620859835404	2.91078755167e-54	4.09328412172e-54
586	-98.5220539158	0.0	0.0
587	-1.98870198182	9.60930283472e-172	9.7927625135e-172
588	-8.85812971858	0.0	0.0
589	-6.35623771212	0.0	0.0
590	0.00659680401523	0.0178887173081	1.0
591	-340.070536405	0.0	0.0
592	-0.0113104411988	0.0026593456515	0.106515223822
593	-0.00183403176757	0.00829304042517	0.695490247517
594	-0.216453571155	8.56775473089e-20	2.43832097687e-19
595	0.00198044670659	0.0120868918495	1.0
596	-709.7756926	0.0	0.0
597	-1.90022511086	3.88362426798e-164	3.97245106368e-164
598	-289.530680365	0.0	0.0
599	-69.3415632843	0.0	0.0
600	-23.2821573351	0.0	0.0
601	-2.23855922798	3.16693613549e-193	3.20334574111e-193
602	-0.0611657752652	6.33262226882e-07	5.49966430796e-06
603	-3.10329190579e-05	0.00996930855585	0.993874320972
604	-665.429399847	0.0	0.0
605	-1.16439661587	6.74009485658e-101	7.46753120135e-101
606	-1.60026100597	2.37137405151e-138	2.47208927033e-138
607	-0.517664399568	1.97408138405e-45	3.06111145423e-45
608	-68.7652235965	0.0	0.0
609	-23.7158279071	0.0	0.0
610	-153.643691316	0.0	0.0
611	-709.7756926	0.0	0.0
612	0.0014827615368	0.0115388226248	1.0
613	-7.4642709541	0.0	0.0
614	-267.615704052	0.0	0.0
615	-0.980737442207	3.98341463124e-85	4.63538540937e-85
616	0.00245259037385	0.0126213173177	1.0
617	-0.0413909911643	2.19265452866e-05	0.000275915402881
618	0.000289670011878	0.0102894859693	1.0
619	-265.229460973	0.0	0.0
620	-0.0613109824218	6.16687477921e-07	5.34379480621e-06
621	-0.0827188289541	1.17540544037e-08	7.70872351066e-08
622	-5.73212596793	0.0	0.0
623	-0.157359870211	7.94238091869e-15	2.94155102019e-14
624	-4.35814447951	0.0	0.0
625	-0.917953040758	9.76089397127e-80	1.16127701725e-79
626	-62.6130228722	0.0	0.0
627	0.00329970759082	0.0136150607085	1.0
628	-27.9758929106	0.0	0.0
629	-709.7756926	0.0	0.0
630	-237.206021026	0.0	0.0
631	-1.12809958651	8.83720904501e-98	9.87119564014e-98
632	-709.7756926	0.0	0.0
633	0.00240248210315	0.0125639343565	1.0
634	-4.47659138293	0.0	0.0
635	-11.7395347925	0.0	0.0
636	-709.7756926	0.0	0.0
637	-164.602075569	0.0	0.0
638	-411.77778412	0.0	0.0
639	-0.0336460736316	8.33138689521e-05	0.00127868563145
640	-2.49841362364	1.4378014933e-215	1.44758624813e-215
641	-451.25255131	0.0	0.0
642	-0.0248269748315	0.000357583030464	0.00733028401699
643	-0.0740753533084	5.87716749528e-08	4.26812958889e-07
644	-709.7756926	0.0	0.0
645	0.0070202933316	0.0184814990874	1.0
646	-15.861385123	0.0	0.0
647	-31.5878848749	0.0	0.0
648	-2.96090303171	2.45398806014e-255	2.46058329667e-255
649	-0.346825316924	7.50884118717e-31	1.50101273783e-30
650	-131.069721049	0.0	0.0
651	-0.922490327134	3.9817192507e-80	4.72904210407e-80
652	-0.00967854248316	0.00329664497918	0.1471428476
653	-640.352587691	0.0	0.0
654	-130.252657278	0.0	0.0
655	-0.0200787286313	0.000752316902118	0.0187682574627
656	-0.209618476402	3.23178166746e-19	9.4371916316e-19
657	-2.01991338732	1.99211769309e-174	2.02780817345e-174
658	4.74750952192e-05	0.0100470732313	1.0
659	-29.9737352874	0.0	0.0
660	-709.7756926	0.0	0.0
661	0.00178292151126	0.0118674865691	1.0
662	-5.55436527404e-05	0.00994511156122	0.989062609753
663	-5.35636043214	0.0	0.0
664	-4.68446047168	0.0	0.0
665	0.0041857677593	0.0147014569804	1.0
666	-83.3166193106	0.0	0.0
667	-222.619216608	0.0	0.0
668	-1.9549703768	7.63315196293e-169	7.78926192346e-169
669	-0.031969973412	0.000110555558537	0.00178193623111
670	0.00235803055697	0.012513161125	1.0
671	0.00558463973413	0.0165108744951	1.0
672	0.0070202933316	0.0184814990874	1.0
673	-10.1198533471	0.0	0.0
674	-694.400470582	0.0	0.0
675	-1.56340041238	3.49333610655e-135	3.65357413e-135
676	0.00329970759082	0.0136150607085	1.0
677	-0.227421267413	1.01579433964e-20	2.77955519214e-20
678	-0.628536031145	6.40636586904e-55	8.95351280864e-55
679	-127.055575898	0.0	0.0
680	-0.0725418988943	7.80899658325e-08	5.78228925925e-07
681	-0.746887651288	4.61817038595e-65	5.95526730722e-65
682	-4.35814447951	0.0	0.0
683	-0.125637118029	3.49262521461e-12	1.57190247489e-11
684	-102.350956059	0.0	0.0
685	-69.3415632843	0.0	0.0
686	-0.0140729760837	0.00181977735524	0.0616396920451
687	0.000303888146078	0.010303834693	1.0
688	-122.001949516	0.0	0.0
689	-15.378387765	0.0	0.0
690	-409.489429406	0.0	0.0
691	-709.7756926	0.0	0.0
692	-0.00715328923336	0.00452919634169	0.242597577473
693	-709.7756926	0.0	0.0
694	-1.01652213033	3.37288180521e-88	3.88105249624e-88
695	-1.4508847388	1.63471152843e-125	1.72971791755e-125
696	-5.71911472439	0.0	0.0
697	0.0033198798242	0.0136392642984	1.0
698	-0.823246405657	1.30560014988e-71	1.61729222139e-71
699	-0.0397713726336	2.90832239416e-05	0.000380230929184
700	-709.7756926	0.0	0.0
701	0.00316248816614	0.0134510803032	1.0
702	-0.0211758494209	0.0006355099095	0.0151036599257
703	-0.00606421688197	0.00516382089958	0.300978952288
704	-1.60321202662	1.32235913499e-138	1.37817693354e-138
705	-158.84282664	0.0	0.0
706	-5.70342827869	0.0	0.0
707	-166.597272589	0.0	0.0
708	-0.600364491953	1.65563901924e-52	2.36849664994e-52
709	0.00643802574308	0.0176689049699	1.0
710	-410.08106387	0.0	0.0
711	-28.4354003627	0.0	0.0
712	-709.7756926	0.0	0.0
713	-2.24651984641	6.54910777829e-194	6.62319877613e-194
714	-3.13967576394	1.04112043361e-270	1.04307580002e-270
715	0.000836277149967	0.0108505017145	1.0
716	-0.0235072305451	0.00044119517981	0.00951932203124
717	0.00403092372025	0.0145081977136	1.0
718	-14.0185461882	0.0	0.0
719	-0.00342920151734	0.00698366129546	0.507133041556
720	-297.870586833	0.0	0.0
721	-610.395881758	0.0	0.0
722	-0.00868837881219	0.00374213804939	0.179012614275
723	-253.195921528	0.0	0.0
724	-0.00291505677499	0.007388119196	0.561478811274
725	-0.0591633239534	9.12372794445e-07	8.17574966882e-06
726	-553.841119801	0.0	0.0
727	-0.00277796559683	0.00749876910525	0.57692835507
728	-145.842597711	0.0	0.0
729	-0.0283244388398	0.000202688311946	0.0036675225833
730	-0.0554900847388	1.77732287494e-06	1.69196180438e-05
731	-1.93232961717	6.74804792942e-167	6.89258591861e-167
732	-175.322028013	0.0	0.0
733	0.00474152144828	0.0154067585434	1.0
734	-0.060915483607	6.62875625221e-07	5.77908175286e-06
735	-574.057116959	0.0	0.0
736	-0.447554245197	1.93455535496e-39	3.27094219931e-39
737	-709.7756926	0.0	0.0
738	0.00217853480241	0.0123094010372	1.0
739	0.00472553230385	0.0153862141388	1.0
740	-0.00751212528747	0.00433425223643	0.225959204533
741	-0.416240219604	9.1085198151e-37	1.61203904656e-36
742	-174.551747221	0.0	0.0
743	-0.128825518691	1.89905841501e-12	8.36091954969e-12
744	-0.184148458719	4.50497738761e-17	1.46223584006e-16
745	-7.5223515987	0.0	0.0
746	-0.522806112313	7.17244709023e-46	1.10596576287e-45
747	-52.654344533	0.0	0.0
748	0.00401583847324	0.0144894464252	1.0
749	-0.0255694546901	0.000317386157245	0.00632812035896
750	-709.7756926	0.0	0.0
751	-0.0180336887685	0.00102455079092	0.0281369849927
752	-274.161546889	0.0	0.0
753	-0.00183469801949	0.00829245973982	0.695398505969
754	-0.0779834358378	2.8430541786e-08	1.9687037969e-07
755	-0.673588072439	8.85527264651e-59	1.19661537493e-58
756	-0.494683458589	1.82014905667e-43	2.89745915106e-43
757	-0.0193926122346	0.0008351619839	0.0214992501231
758	-0.590906569595	1.06824232048e-51	1.54085732005e-51
759	-46.6255887159	0.0	0.0
760	-0.00183469801949	0.00829245973982	0.695398505969
761	-0.987929100905	9.61294502298e-86	1.1160223887e-85
762	0.00433991972463	0.0148952674361	1.0
763	-0.0945017551612	1.28777363439e-09	7.47764808212e-09
764	-0.110848914429	5.84221012759e-11	2.93810810646e-10
765	-123.91210427	0.0	0.0
766	-0.0134341102015	0.00198995672498	0.0699514520359
767	-0.022964271666	0.000480686556113	0.0105997401759
768	-0.434909889583	2.32338296585e-38	3.99912423675e-38
769	-0.000613998562922	0.00940433782251	0.885527545058
770	-0.0141462295669	0.00180110809836	0.060752110645
771	-109.930850544	0.0	0.0
772	-0.0130071941099	0.00211130771507	0.0761215074035
773	-0.0314548321642	0.000120537759291	0.00197328271847
774	0.00405036382595	0.0145323822365	1.0
775	-0.188865766071	1.8076462023e-17	5.74612031319e-17
776	-0.0578500705438	1.15853960309e-06	1.06036320673e-05
777	0.0070202933316	0.0184814990874	1.0
778	-709.7756926	0.0	0.0
779	-0.011702392704	0.00252293927612	0.0985615793189
780	-343.473312377	0.0	0.0
781	-414.958936534	0.0	0.0
782	-0.0160302669674	0.00137575868485	0.0418362178216
783	-0.0400191489906	2.78560734198e-05	0.000362027095263
784	0.00551953242948	0.0164241754269	1.0
785	-0.793270516842	4.86398687315e-69	6.11539328481e-69
786	-0.00453641694011	0.00616826149506	0.407297845465
787	0.00699876541209	0.0184511394739	1.0
788	-0.0529570920131	2.80784039806e-06	2.79385188153e-05
789	-15.0263929374	0.0	0.0
790	-282.199608352	0.0	0.0
791	-610.395881758	0.0	0.0
792	-0.00757872195631	0.00429882406897	0.22299923292
793	-3.71019395702	0.0	9.10513578721e-320
794	-7.69087831255	0.0	0.0
795	-0.0397656442491	2.91122120181e-05	0.000380662439425
796	-1.35563695185	2.50321626215e-117	2.68140098649e-117
797	-0.0772310423855	3.27032966341e-08	2.28496169064e-07
798	-5.77214357922	0.0	0.0
799	-1.58594114957	4.03489919286e-137	4.21146313795e-137
800	-1.07506889213	3.16750786196e-93	3.5850521016e-93
801	-0.164152440543	2.14494758702e-15	7.66445316124e-15
802	-19.1562343603	0.0	0.0
803	-362.200860487	0.0	0.0
804	-282.351960837	0.0	0.0
805	0.00444040380108	0.0150223590769	1.0
806	-597.722220367	0.0	0.0
807	-17.9659841815	0.0	0.0
808	-0.824862357199	9.48830068674e-72	1.17444403872e-71
809	-2.75709477162	8.2190121116e-238	8.25226205574e-238
810	-0.348000366949	5.96413170565e-31	1.1894370571e-30
811	-0.000613998562922	0.00940433782251	0.885527545058
812	-0.26487819086	6.87306671499e-24	1.67125584811e-23
813	-524.840682334	0.0	0.0
814	-0.117643227008	1.60446101836e-11	7.65284194791e-11
815	0.0031044529955	0.013382074941	1.0
816	-1.9549703768	7.63315196293e-169	7.78926192346e-169
817	-0.0948233775117	1.21205798209e-09	7.01630754996e-09
818	0.0012658821553	0.0113049236931	1.0
819	-0.0108147642062	0.00284081685577	0.11749925183
820	-0.0996742182684	4.85318759764e-10	2.68524137043e-09
821	-322.512090007	0.0	0.0
822	-4.76573875176	0.0	0.0
823	-83.4353994478	0.0	0.0
824	-146.666040189	0.0	0.0
825	-4.68844772491	0.0	0.0
826	6.28509864093e-05	0.0100623502191	1.0
827	-13.7483530754	0.0	0.0
828	-18.7353303748	0.0	0.0
829	-4.68446047168	0.0	0.0
830	0.00612336322313	0.0172372829517	1.0
831	-0.763085959457	1.88608984352e-66	2.40992629768e-66
832	-56.6575071362	0.0	0.0
833	0.000951640530314	0.0109713655357	1.0
834	-0.0684731804562	1.65623875279e-07	1.29410692965e-06
835	-19.1860818758	0.0	0.0
836	-383.146424893	0.0	0.0
837	-440.662694184	0.0	0.0
838	-0.00790789205754	0.00412711968744	0.208928617714
839	-709.7756926	0.0	0.0
840	-309.788026004	0.0	0.0
841	-252.796474148	0.0	0.0
842	-0.851277170905	5.14105438984e-74	6.28657899284e-74
843	0.00696714802461	0.0184065947727	1.0
844	-529.502733691	0.0	0.0
845	-1.19934067987	6.71378887742e-104	7.38458750048e-104
846	-4.6766266974	0.0	0.0
847	-41.9959945357	0.0	0.0
848	-0.403329293728	1.1503439011e-35	2.07773445662e-35
849	-0.0370284949452	4.67472853686e-05	0.000654498019141
850	-168.754128026	0.0	0.0
851	-47.5232310388	0.0	0.0
852	0.00271262405277	0.0129216236416	1.0
853	-690.92295226	0.0	0.0
854	-0.50479832597	2.48567270352e-44	3.91054030448e-44
855	-0.000759747594968	0.00926652398845	0.860337931077
856	-709.7756926	0.0	0.0
857	-0.366676793923	1.53146185608e-32	2.94679393909e-32
858	-352.281951374	0.0	0.0
859	-0.0281402061132	0.000208916549069	0.00380377680265
860	-0.0140729760837	0.00181977735524	0.0616396920451
861	0.0070202933316	0.0184814990874	1.0
862	-8.94249951866e-16	0.01	1.0
863	0.0013414397301	0.0113860693593	1.0
864	-253.395921861	0.0	0.0
865	0.00378943590922	0.0142096615658	1.0
866	-0.0345606090119	7.13252951717e-05	0.00106689727665
867	-404.686066787	0.0	0.0
868	-4.35814447951	0.0	0.0
869	-0.00732849008656	0.00443315787089	0.234326218777
870	-0.00209402273509	0.00806860017364	0.660593568746
871	-18.1661820068	0.0	0.0
872	-473.938020056	0.0	0.0
873	-2.04148085979	2.78644045788e-176	2.83421819059e-176
874	0.000836277149967	0.0108505017145	1.0
875	0.00550154237529	0.0164002611758	1.0
876	-3.47007012182	4.04746226178e-299	4.05138454415e-299
877	-252.623381477	0.0	0.0
878	-10.4802769693	0.0	0.0
879	-0.00392052905078	0.00661253892951	0.46012147326
880	-1.9997592751	1.07659694941e-172	1.09669326017e-172
881	-227.940553353	0.0	0.0
882	-10.7825625991	0.0	0.0
883	-0.0250328277814	0.000345979180706	0.00703751678305
884	-70.1766047259	0.0	0.0
885	-709.7756926	0.0	0.0
886	0.00272209263796	0.0129326382369	1.0
887	-0.0826207383343	1.19715025024e-08	7.85990526648e-08
888	-408.318575402	0.0	0.0
889	0.00051563548874	0.0105190716445	1.0
890	-103.701012655	0.0	0.0
891	-468.534935966	0.0	0.0
892	-22.9397140222	0.0	0.0
893	-709.7756926	0.0	0.0
894	-0.443194901484	4.55834678504e-39	7.7541496044e-39
895	0.0070202933316	0.0184814990874	1.0
896	-0.00466362448308	0.00607936428548	0.397167311452
897	-8.97958465622	0.0	0.0
898	-68.882183509	0.0	0.0
899	0.0070202933316	0.0184814990874	1.0
900	0.00702028682562	0.0184814899088	1.0
901	-7.1720716277	0.0	0.0
902	0.00171743241161	0.0117952895467	1.0
903	-2.23971963251	2.51690798051e-193	2.54577650044e-193
904	-11.1659122912	0.0	0.0
905	-29.9283127571	0.0	0.0
906	-709.7756926	0.0	0.0
907	-34.7134085646	0.0	0.0
908	-37.7466441106	0.0	0.0
909	0.00126198228791	0.011300745313	1.0
910	-0.446727332717	2.27609697287e-39	3.85282539795e-39
911	-3.37393447364	7.47872418223e-291	7.48750985773e-291
912	-61.4470244992	0.0	0.0
913	-0.0721781644037	8.35302848275e-08	6.2140887866e-07
914	-3.13450361382	2.89899367272e-270	2.90449510033e-270
915	0.00682880400988	0.0182122977532	1.0
916	-0.0323180921071	0.000104267922235	0.00166324920518
917	-0.00865989744181	0.00375565101264	0.180024973963
918	-61.6999734776	0.0	0.0
919	-230.01739561	0.0	0.0
920	-8.16418065902	0.0	0.0
921	-1.95519493218	7.30126835477e-169	7.45052235579e-169
922	-1.10697545411	5.76218783028e-96	6.469048366e-96
923	-166.597272589	0.0	0.0
924	-0.0264837761328	0.000273773364382	0.00528021916137
925	-0.00832513838127	0.00391749232793	0.192361781855
926	0.00320335310323	0.0134997940418	1.0
927	0.00630391566052	0.017484293388	1.0
928	0.00680950775475	0.0181852765431	1.0
929	-709.7756926	0.0	0.0
930	0.00574836167336	0.0167299381607	1.0
931	0.00701846402964	0.0184789183935	1.0
932	-0.351619933914	2.9336155229e-31	5.80889851094e-31
933	-4.13548272726	0.0	0.0
934	-20.6338389746	0.0	0.0
935	-524.656552903	0.0	0.0
936	-6.57516496833	0.0	0.0
937	-61.4470244992	0.0	0.0
938	-0.00619430273613	0.00508454255137	0.293325624172
939	-322.512090007	0.0	0.0
940	-709.7756926	0.0	0.0
941	-9.55403314822	0.0	0.0
942	0.000560884387896	0.0105654414667	1.0
943	-12.2670871924	0.0	0.0
944	-107.929562292	0.0	0.0
945	-709.7756926	0.0	0.0
946	-709.7756926	0.0	0.0
947	-567.895343428	0.0	0.0
948	-0.0395291478173	3.03340071586e-05	0.000398911381266
949	-4.72074212803	0.0	0.0
950	-709.7756926	0.0	0.0
951	-0.0397926009024	2.89760461523e-05	0.00037863609764
952	-444.756645041	0.0	0.0
953	0.00582294518604	0.0168302263755	1.0
954	-115.936707033	0.0	0.0
955	-0.697612343213	7.73475480578e-61	1.02825338841e-60
956	-282.199608352	0.0	0.0
957	-92.9882308574	0.0	0.0
958	-253.395921861	0.0	0.0
959	-709.7756926	0.0	0.0
960	0.0070202933316	0.0184814990874	1.0
961	-44.490539765	0.0	0.0
962	-0.00271399510422	0.007550807598	0.584282295269
963	-0.00349757017546	0.00693112302564	0.500314241615
964	-0.0280372046252	0.000212478183575	0.00388214859973
965	-0.306092919762	2.18617642612e-27	4.77502590023e-27
966	-0.0159129184952	0.00139935720904	0.0428196631692
967	-0.0960877428608	9.55039108191e-10	5.46242456386e-09
968	-7.83547384345	0.0	0.0
969	-0.0201297678502	0.000746468533227	0.0185795450047
970	-7.69087831255	0.0	0.0
971	-709.7756926	0.0	0.0
972	-227.940553353	0.0	0.0
973	-0.0417842101582	2.04685372883e-05	0.000255248338226
974	-155.353550679	0.0	0.0
975	-0.0837753037011	9.64731904038e-09	6.25368325603e-08
976	-709.7756926	0.0	0.0
977	0.00010568147789	0.0101049858135	1.0
978	-0.0153220254301	0.00152379044507	0.0481342626063
979	-0.00622169253138	0.00506797228482	0.291739172367
980	-6.33678896183	0.0	0.0
981	-4.00913225478	0.0	0.0
982	-19.1562343603	0.0	0.0
983	-109.930850544	0.0	0.0
984	-0.221791701242	3.03578203851e-20	8.47351158803e-20
985	-0.00662087485243	0.00483124693281	0.269568372158
986	-188.654739143	0.0	0.0
987	-553.099756159	0.0	0.0
988	-40.5628061554	0.0	0.0
989	-0.169350674368	7.86730946884e-16	2.73831528021e-15
990	-62.8216996709	0.0	0.0
991	0.0070202933316	0.0184814990874	1.0
992	-68.7397110093	0.0	0.0
993	-0.272703930689	1.49197779875e-24	3.54899319202e-24
994	-145.498991984	0.0	0.0
995	0.00630105092408	0.0174803604333	1.0
996	-709.7756926	0.0	0.0
997	-0.00136126239795	0.00871228359767	0.763738401553
998	-3.51153960058	1.0996211313e-302	1.1006018528e-302
999	-0.0355954550164	5.97784881798e-05	0.000869232349043
1000	-2.57579933599	3.18934367036e-222	3.20791796703e-222
1001	-0.0207129076553	0.000682574493938	0.0165535331634
1002	-100.980387835	0.0	0.0
1003	-0.024166236219	0.000397369957686	0.00835483578889
1004	-589.665113619	0.0	0.0
1005	-0.00732322769265	0.00443601859975	0.234570503161
1006	-0.847607098305	1.06152290988e-73	1.30018469065e-73
1007	-513.464378628	0.0	0.0
1008	-4.68844772491	0.0	0.0
1009	-2.80302982652	9.2258060193e-242	9.25984078356e-242
1010	-0.0038883909101	0.00663635854969	0.463058723558
1011	-0.314424437315	4.28224936627e-28	9.17373046496e-28
1012	-0.168231426386	9.76449292291e-16	3.41765270024e-15
1013	-0.804988313402	4.80790547889e-70	6.0090727731e-70
1014	-5.35636043214	0.0	0.0
1015	0.00551953242948	0.0164241754269	1.0
1016	-94.108577227	0.0	0.0
1017	0.00246547409677	0.0126360969123	1.0
1018	-137.134831986	0.0	0.0
1019	-59.9092428285	0.0	0.0
1020	-0.0363997956477	5.20818516897e-05	0.000741259687762
1021	-0.00346804829528	0.00695377359132	0.503247308624
1022	-269.878315966	0.0	0.0
1023	-153.565617152	0.0	0.0
1024	-6.5732805061	0.0	0.0
1025	-18.2348574439	0.0	0.0
1026	-0.143733885103	1.09128883473e-13	4.36796383322e-13
1027	0.00233494241277	0.0124868384223	1.0
1028	-0.0067314454559	0.00476724170882	0.263730850843
1029	-97.0294786901	0.0	0.0
1030	-5.24480076776	0.0	0.0
1031	-0.208540032414	3.98449636733e-19	1.16836490692e-18
1032	0.00702028520286	0.0184814876194	1.0
1033	0.00524244209646	0.0160578617804	1.0
1034	-0.00785215289004	0.00415579869569	0.211247198953
1035	0.0030467930133	0.0133137210691	1.0
1036	-5.35636043214	0.0	0.0
1037	-0.0171621266587	0.00116588448038	0.0334367033915
1038	-0.0360030856687	5.57487779919e-05	0.000801832389654
1039	-0.143049071646	1.24461813706e-13	5.00226106445e-13
1040	0.00310014189223	0.0133769571953	1.0
1041	-0.591235427428	1.00119231663e-51	1.44372288191e-51
1042	-406.626398223	0.0	0.0
1043	-0.592737385458	7.44627480204e-52	1.07233382927e-51
1044	0.00346103415741	0.013809323658	1.0
1045	-0.00832513838127	0.00391749232793	0.192361781855
1046	-709.7756926	0.0	0.0
1047	0.0070202933316	0.0184814990874	1.0
1048	-0.00869746653705	0.003737834785	0.178690794056
1049	-200.856091263	0.0	0.0
1050	0.00192819841058	0.0120286154857	1.0
1051	-0.0056211813521	0.00544106279829	0.328573767484
1052	-0.0495372680684	5.18707601691e-06	5.49889073544e-05
1053	0.00399110333229	0.0144587295562	1.0
1054	-0.00403341068548	0.00652937794069	0.449951573828
1055	-0.0863907571309	5.91221989579e-09	3.72590893716e-08
1056	-4.76573875176	0.0	0.0
1057	-0.0230296450865	0.000475761394489	0.0104634219546
1058	-0.0165344820776	0.00127838329443	0.0378612373547
1059	-709.7756926	0.0	0.0
1060	-155.353550679	0.0	0.0
1061	-0.513138608879	4.81237275621e-45	7.49986204809e-45
1062	0.00381301226784	0.0142386532038	1.0
1063	-334.015373052	0.0	0.0
1064	-0.0842412957213	8.84195205966e-09	5.70249723972e-08
1065	-10.19756736	0.0	0.0
1066	-0.520378562305	1.15682076972e-45	1.78849386286e-45
1067	-0.0349764286023	6.64458963753e-05	0.000982576000268
1068	-709.7756926	0.0	0.0
1069	-0.312949713292	5.71499852702e-28	1.22845131075e-27
1070	-1.43425891811	4.38779495212e-124	4.65194655419e-124
1071	0.00554019884226	0.0164516697838	1.0
1072	-48.2683939596	0.0	0.0
1073	-10.19756736	0.0	0.0
1074	-4.66554075745	0.0	0.0
1075	0.00445322208168	0.0150386143306	1.0
1076	-0.0385113333998	3.61905763791e-05	0.000487976156395
1077	-1.96437699578	1.18574514951e-169	1.20953447186e-169
1078	-1.18320368772	1.63367997182e-102	1.80281497322e-102
1079	-3.79586306389	0.0	0.0
1080	0.0015969248264	0.0116631511974	1.0
1081	-0.0563192273378	1.52951948983e-06	1.43579464006e-05
1082	-19.0112116118	0.0	0.0
1083	0.00702028287619	0.018481484337	1.0
1084	-0.10020451102	4.39044803176e-10	2.41759357512e-09
1085	-2.92272636881	4.70546779579e-252	4.71912032715e-252
1086	0.00527865110478	0.0161054834091	1.0
1087	-2.3529370696	4.63738654331e-203	4.67970042633e-203
1088	-0.0412305420774	2.25503255416e-05	0.000284821659038
1089	0.0070202796318	0.0184814797598	1.0
1090	-34.7366048484	0.0	0.0
1091	-224.198095355	0.0	0.0
1092	-0.0295079840092	0.000166727117653	0.00290134506555
1093	-709.7756926	0.0	0.0
1094	-44.4622491339	0.0	0.0
1095	-0.00419917394799	0.00640867282522	0.435423376592
1096	0.00051563548874	0.0105190716445	1.0
1097	-0.00750024784006	0.00434059538391	0.226491225951
1098	-0.00217625711446	0.00799851068841	0.649924609202
1099	-0.0534070070537	2.5891983733e-06	2.55573043756e-05
1100	-0.0301584780653	0.00014966317893	0.00255072242268
1101	-0.00586933085513	0.00528439028491	0.312819945075
1102	-709.7756926	0.0	0.0
1103	-0.982718521847	2.69266828574e-85	3.13135425014e-85
1104	-0.0122775884458	0.00233365137778	0.0879521368186
1105	-0.0712830194187	9.85774362868e-08	7.41910037117e-07
1106	0.00191609939169	0.0120151452045	1.0
1107	0.00269023152132	0.0128955971079	1.0
1108	-709.7756926	0.0	0.0
1109	-227.940553353	0.0	0.0
1110	0.0070202933316	0.0184814990874	1.0
1111	-0.173685589325	3.40617702429e-16	1.16070747156e-15
1112	-64.9616009878	0.0	0.0
1113	-0.041547555954	2.1334199607e-05	0.000267493289239
1114	-3.88713041277	0.0	0.0
1115	0.0055067572258	0.0164071914275	1.0
1116	-0.00633567918509	0.004999466313	0.285228553313
1117	-0.312949713292	5.71499852702e-28	1.22845131075e-27
1118	-0.0628019186566	4.69525363447e-07	3.97780700612e-06
1119	-0.0932866194526	1.61890037367e-09	9.51162928595e-09
1120	-189.253708835	0.0	0.0
1121	-0.00144401769762	0.00863785932644	0.751326097217
1122	-672.219966398	0.0	0.0
1123	-709.7756926	0.0	0.0
1124	-0.0285019102256	0.000196857303387	0.0035408862691
1125	-0.3425697043	1.72898018031e-30	3.48598742032e-30
1126	0.0070202933316	0.0184814990874	1.0
1127	-0.318978014366	1.7562353466e-28	3.72376688435e-28
1128	-30.5282588037	0.0	0.0
1129	-116.912243578	0.0	0.0
1130	0.0070202933316	0.0184814990874	1.0
1131	0.00701937603675	0.018480204989	1.0
1132	-0.334737105214	8.02219263909e-30	1.64381681574e-29
1133	-0.100475131777	4.17153401636e-10	2.29146132001e-09
1134	-16.8084126556	0.0	0.0
1135	-25.052138569	0.0	0.0
1136	-0.00170700628909	0.0084042725509	0.713204384591
1137	-1.58861972353	2.37466754031e-137	2.47800173185e-137
1138	-0.00419479406396	0.0064118405756	0.435801146943
1139	-8.04909853351	0.0	0.0
1140	-237.673224238	0.0	0.0
1141	-0.00306976597294	0.00726467166208	0.544540116952
1142	-383.550641939	0.0	0.0
1143	-31.1709644741	0.0	0.0
1144	-0.0174778209875	0.00111276240179	0.0314106410817
1145	-1.88883719691	3.70048402258e-163	3.78711747736e-163
1146	-224.198095355	0.0	0.0
1147	0.000986648563366	0.0110082118949	1.0
1148	-0.175110656232	2.58637247425e-16	8.75348191195e-16
1149	-1.7979880594	2.38986391347e-155	2.45727657199e-155
1150	-0.0657619819312	2.72813342264e-07	2.21363981438e-06
1151	0.00693783557572	0.0183653437588	1.0
1152	-0.25769798354	2.78927652745e-23	6.92581959371e-23
1153	-0.0141943295966	0.0017889415384	0.0601762658055
1154	-0.620851697262	2.91546235858e-54	4.09988516088e-54
1155	-82.9768974632	0.0	0.0
1156	-709.7756926	0.0	0.0
1157	0.0070202933316	0.0184814990874	1.0
1158	-0.530118269435	1.69940327093e-46	2.59996226022e-46
1159	-11.7395347925	0.0	0.0
1160	0.00174792163282	0.0118288678233	1.0
1161	-0.0314548321642	0.000120537759291	0.00197328271847
1162	-8.94249951866e-16	0.01	1.0
1163	-1.02707247395	4.18926555033e-89	4.80531902245e-89
1164	-0.281196920082	2.84064572216e-25	6.60374655972e-25
1165	-0.00685919366487	0.00469413005513	0.257143664189
1166	-44.3232930458	0.0	0.0
1167	-0.00587438376003	0.00528123683438	0.312507132994
1168	0.00576291556753	0.0167494837558	1.0
1169	0.00481653777136	0.0155033450015	1.0
1170	-147.758940029	0.0	0.0
1171	-0.018909420046	0.000898467808721	0.023657734695
1172	-1.02732734146	3.98340349148e-89	4.56884147861e-89
1173	-17.9659841815	0.0	0.0
1174	-709.7756926	0.0	0.0
1175	0.00186242027921	0.0119554941304	1.0
1176	-0.915146858525	1.69953488441e-79	2.02413886582e-79
1177	-0.00266694945693	0.00758924334553	0.589750335109
1178	-0.0008890427833	0.00914541817185	0.838592430119
1179	-0.147502842502	5.29090097253e-14	2.07102446081e-13
1180	-0.00439546647099	0.00626790260827	0.41882489368
1181	-97.0294786901	0.0	0.0
1182	-709.7756926	0.0	0.0
1183	-520.376808972	0.0	0.0
1184	-1.20341529124	2.99876633503e-104	3.2957112658e-104
1185	-147.761346618	0.0	0.0
1186	0.0070202933316	0.0184814990874	1.0
1187	-0.847168984864	1.15749008179e-73	1.4180075967e-73
1188	0.00626176863372	0.0174264750018	1.0
1189	-6.22225861483	0.0	0.0
1190	0.00309725298431	0.0133735283897	1.0
1191	0.00645247496208	0.017688852839	1.0
1192	0.00010568147789	0.0101049858135	1.0
1193	-0.21986761005	4.41279807332e-20	1.24027109038e-19
1194	-0.00757872195631	0.00429882406897	0.22299923292
1195	0.0070202933316	0.0184814990874	1.0
1196	-0.0642671597877	3.58967770127e-07	2.97609762341e-06
1197	0.00240248210315	0.0125639343565	1.0
1198	0.000549752434036	0.0105540215005	1.0
1199	-0.62141709446	2.60788305474e-54	3.66566702918e-54
1200	0.0070202933316	0.0184814990874	1.0
1201	0.00283302528914	0.0130620988586	1.0
1202	-4.6766266974	0.0	0.0
1203	-0.0122775884458	0.00233365137778	0.0879521368186
1204	-0.0387891194479	3.44905612781e-05	0.000461861428269
1205	-0.02828763792	0.000203918011286	0.00369434388692
1206	0.0070202933316	0.0184814990874	1.0
1207	0.00453381034275	0.0151410318865	1.0
1208	0.00272969603263	0.0129414871354	1.0
1209	-17.7584026504	0.0	0.0
1210	-0.00942198561821	0.00340761874622	0.154810552367
1211	-1.41356292225	2.63508757174e-122	2.8008494307e-122
1212	-0.00715328923336	0.00452919634169	0.242597577473
1213	-6.43775909578e-05	0.00993640022558	0.987334132889
1214	-0.0177482737623	0.00106901422492	0.029772855051
1215	0.00474688040718	0.0154136475786	1.0
1216	-2.49841362364	1.4378014933e-215	1.44758624813e-215
1217	0.00576883558664	0.0167574375861	1.0
1218	-0.582577947238	5.51583372218e-51	8.01573263213e-51
1219	-26.3408213611	0.0	0.0
1220	-31.0517572881	0.0	0.0
1221	-709.7756926	0.0	0.0
1222	-0.785819401355	2.11853324493e-68	2.67391811417e-68
1223	0.00613143154648	0.0172482833358	1.0
1224	-143.492369279	0.0	0.0
1225	-0.373619633403	3.92273512662e-33	7.45302995519e-33
1226	0.00681114305776	0.0181875657582	1.0
1227	-0.0140859284157	0.0018164639751	0.0614818157776
1228	-0.00530618320623	0.00564508006004	0.349719359956
1229	-3.1143626846	1.56364472911e-268	1.56673427241e-268
1230	-53.1012831149	0.0	0.0
1231	-26.9136906048	0.0	0.0
1232	-151.290559772	0.0	0.0
1233	-541.986565042	0.0	0.0
1234	-394.98446007	0.0	0.0
1235	-10.1897914282	0.0	0.0
1236	-0.997659918751	1.40425387559e-86	1.62523770444e-86
1237	-0.0412006030943	2.26686321309e-05	0.000286515072912
1238	-99.2800489737	0.0	0.0
1239	-0.00256333181161	0.00767439227514	0.601974797782
1240	-709.7756926	0.0	0.0
1241	-296.65164152	0.0	0.0
1242	-0.525131989995	4.53686018684e-46	6.97812501881e-46
1243	-0.00210724566352	0.00805730093501	0.658866304509
1244	-0.00456109402063	0.00615094010199	0.405312616886
1245	-0.656523834742	2.56585200691e-57	3.5100525953e-57
1246	-57.9446107022	0.0	0.0
1247	-0.0128926353017	0.00214494993211	0.0778678757093
1248	-0.00918977224841	0.00351071934552	0.162094641882
1249	-0.705695478631	1.56914568887e-61	2.07505135712e-61
1250	0.000756967107687	0.010767906781	1.0
1251	0.0070202933316	0.0184814990874	1.0
1252	-1.75175000211	2.25532636764e-151	2.32529897896e-151
1253	-160.72574383	0.0	0.0
1254	-0.0564872289205	1.48364608549e-06	1.38881954583e-05
1255	0.000639089306671	0.0106458949787	1.0
1256	0.00631795773523	0.0175035779428	1.0
1257	-236.613832618	0.0	0.0
1258	-423.021317108	0.0	0.0
1259	-709.7756926	0.0	0.0
1260	0.00217853480241	0.0123094010372	1.0
1261	-0.00558440211555	0.00546458627641	0.330975270168
1262	-0.0584255599714	1.04346485594e-06	9.46167741205e-06
1263	-709.7756926	0.0	0.0
1264	-383.550641939	0.0	0.0
1265	-1.18105249356	2.500085871e-102	2.76015202916e-102
1266	-0.0294212802247	0.000169138344117	0.00295158346601
1267	0.00240248210315	0.0125639343565	1.0
1268	0.00670275974289	0.018036146579	1.0
1269	-344.530288346	0.0	0.0
1270	0.00291044870188	0.0131529060057	1.0
1271	-21.7634675654	0.0	0.0
1272	0.00458209026902	0.0152025720243	1.0
1273	-0.0143972938343	0.00173839903258	0.0578059146358
1274	-0.00137438940307	0.00870044864838	0.761755910677
1275	-0.0008890427833	0.00914541817185	0.838592430119
1276	0.000770481946073	0.0107819527666	1.0
1277	-709.7756926	0.0	0.0
1278	-0.0212673684876	0.000626571054437	0.0148324347266
1279	-1.20892006373	1.00938340322e-104	1.10813348223e-104
1280	-0.0355092592647	6.06662428754e-05	0.000884194643684
1281	-11.8752664535	0.0	0.0
1282	-451.333850022	0.0	0.0
1283	0.0070202933316	0.0184814990874	1.0
1284	-0.922490327134	3.9817192507e-80	4.72904210407e-80
1285	-1.38853929663	3.72546067363e-120	3.97263827513e-120
1286	-190.440529563	0.0	0.0
1287	-343.528547891	0.0	0.0
1288	-0.00802858839058	0.00406556746419	0.203994855961
1289	0.00309725298431	0.0133735283897	1.0
1290	-0.883672884129	8.538150873e-77	1.02966757768e-76
1291	-63.6196927033	0.0	0.0
1292	-14.0185461882	0.0	0.0
1293	-0.000690801212661	0.00933154536474	0.872163266733
1294	-102.829062947	0.0	0.0
1295	-59.0614616411	0.0	0.0
1296	-0.520378562305	1.15682076972e-45	1.78849386286e-45
1297	-244.47749809	0.0	0.0
1298	-5.20492812923	0.0	0.0
1299	-24.0191471868	0.0	0.0
1300	-67.6432641371	0.0	0.0
1301	-6.22225861483	0.0	0.0
1302	-6.65409188506	0.0	0.0
1303	-709.7756926	0.0	0.0
1304	0.0070202933316	0.0184814990874	1.0
1305	-272.749841128	0.0	0.0
1306	-9.96316085493	0.0	0.0
1307	-0.545249917338	8.62836198145e-48	1.29954699417e-47
1308	-65.9604033619	0.0	0.0
1309	0.00464970545974	0.0152889870537	1.0
1310	-1.53725712716	6.16934246482e-133	6.46825386687e-133
1311	-0.00399564009757	0.00655711685561	0.453329185171
1312	-0.032540360741	0.000100436008974	0.00159163828273
1313	-0.00111485080174	0.00893650382012	0.801924785849
1314	0.0044427271822	0.0150253047105	1.0
1315	-153.613419332	0.0	0.0
1316	-0.0135296559376	0.00196364918489	0.0686405455637
1317	-124.790200351	0.0	0.0
1318	-0.296516289595	1.422727481e-26	3.18033672045e-26
1319	-150.177757494	0.0	0.0
1320	-16.6496445741	0.0	0.0
1321	-0.47782255854	5.02428439607e-42	8.16378014592e-42
1322	-99.2800489737	0.0	0.0
1323	-495.528291797	0.0	0.0
1324	-0.0375123867181	4.30083843065e-05	0.000594700541815
1325	-178.354167988	0.0	0.0
1326	-305.497663953	0.0	0.0
1327	-0.547349339289	5.70582517051e-48	8.57555131726e-48
1328	-2.66915881064	2.99310514715e-230	3.00755327057e-230
1329	-12.4356257302	0.0	0.0
1330	-709.7756926	0.0	0.0
1331	-2.38056267381	1.95412370856e-205	1.97098742878e-205
1332	-0.263931948232	8.2668282081e-24	2.01562916801e-23
1333	-0.0239842920883	0.000409040116235	0.00866130535895
1334	-93.6719401825	0.0	0.0
1335	-212.201180603	0.0	0.0
1336	0.00244041139493	0.0126073557298	1.0
1337	-0.00455975375233	0.0061518799236	0.405420190235
1338	-709.7756926	0.0	0.0
1339	-138.043705194	0.0	0.0
1340	-4.92291879328	0.0	0.0
1341	0.000686233262451	0.010694584881	1.0
1342	-2.45291516903	1.17447391995e-211	1.18323374641e-211
1343	-0.155546258604	1.12620109286e-14	4.21239806962e-14
1344	-0.147748258323	5.04715783358e-14	1.97279449091e-13
1345	-67.4114587524	0.0	0.0
1346	-3.53972240857	4.14778257081e-305	4.15127894654e-305
1347	-0.00868837881219	0.00374213804939	0.179012614275
1348	0.0070202933316	0.0184814990874	1.0
1349	-0.210917998679	2.51104699113e-19	7.29619535817e-19
1350	-5.18207549299	0.0	0.0
1351	-225.365955927	0.0	0.0
1352	-490.555852218	0.0	0.0
1353	-709.7756926	0.0	0.0
1354	0.00518850379245	0.0159870610506	1.0
1355	-0.319679284771	1.53095223983e-28	3.24100743785e-28
1356	-0.000555906970124	0.00945964970433	0.89577180525
1357	-0.00796318288317	0.0040988297287	0.206653828673
1358	-152.648260078	0.0	0.0
1359	-5.09913423055	0.0	0.0
1360	0.00701240546544	0.0184703724895	1.0
1361	-49.6396653198	0.0	0.0
1362	-9.22821428857e-05	0.00990891610985	0.981894054138
1363	-0.000399986387618	0.00960918904636	0.923857624965
1364	-709.7756926	0.0	0.0
1365	-2.75180621742	2.34188378532e-237	2.35145900841e-237
1366	-116.454097317	0.0	0.0
1367	-100.683079898	0.0	0.0
1368	-709.7756926	0.0	0.0
1369	0.00679556512827	0.0181657643383	1.0
1370	-0.473537880276	1.16727507077e-41	1.90691836608e-41
1371	0.00399665013852	0.0144656145698	1.0
1372	0.00480906129024	0.0154937040955	1.0
1373	-709.7756926	0.0	0.0
1374	-709.7756926	0.0	0.0
1375	0.00216562119567	0.0122948199464	1.0
1376	-1.00079975243	7.54880121257e-87	8.72813843473e-87
1377	-0.00344479165972	0.0069716553571	0.505570012502
1378	-1.88664982039	5.70567635276e-163	5.83985355876e-163
1379	-4.02456789448	0.0	0.0
1380	-0.0375510656841	4.27224594177e-05	0.000590163461854
1381	-60.7559955733	0.0	0.0
1382	-13.9676309999	0.0	0.0
1383	-0.764799487258	1.34470822239e-66	1.71655205636e-66
1384	-0.383502479479	5.64082894423e-34	1.05318313136e-33
1385	-0.0154230305	0.00150184323856	0.0471811873465
1386	-709.7756926	0.0	0.0
1387	-555.369212316	0.0	0.0
1388	-0.0101879055511	0.00308524067312	0.133026715952
1389	-0.0309719959493	0.000130681294425	0.0021712435784
1390	-0.00253104863156	0.00770106046139	0.605834986772
1391	-0.194482382266	6.08950656514e-18	1.88973175853e-17
1392	0.00564815582358	0.0165956831274	1.0
1393	0.000214885833439	0.0102142299329	1.0
1394	-0.0172582478427	0.00114947128213	0.0328063536716
1395	-0.00874959276851	0.0037132300635	0.176856012147
1396	-0.0158811193814	0.00140581422611	0.0430901159049
1397	-6.33678896183	0.0	0.0
1398	-34.7134085646	0.0	0.0
1399	-20.8578225103	0.0	0.0
1400	-14.0185461882	0.0	0.0
1401	-57.831062983	0.0	0.0
1402	-0.00191469698723	0.00822294192973	0.684470314414
1403	-0.0247537124028	0.000361801098099	0.00743739180266
1404	-0.0171621266587	0.00116588448038	0.0334367033915
1405	-0.484909381017	1.24588718676e-42	2.00674993267e-42
1406	-0.00573810041689	0.0053668025683	0.321054662385
1407	-365.769274226	0.0	0.0
1408	-1.19483179119	1.63792931937e-103	1.80321272634e-103
1409	-3.29771138007	2.68034525342e-284	2.6840132502e-284
1410	-0.959048412985	2.89827161431e-83	3.39728623761e-83
1411	-1.02340821388	8.64487521511e-89	9.92688693471e-89
1412	-25.4070370137	0.0	0.0
1413	-0.00325927351071	0.00711550556462	0.524486203747
1414	-25.0440151647	0.0	0.0
1415	-0.997659918751	1.40425387559e-86	1.62523770444e-86
1416	-0.0903375243745	2.81905889359e-09	1.7054873707e-08
1417	0.00444040380108	0.0150223590769	1.0
1418	-709.7756926	0.0	0.0
1419	-377.388110246	0.0	0.0
1420	0.00645580007247	0.0176934449	1.0
1421	-0.084624609117	8.22994186093e-09	5.28571626888e-08
1422	-21.9346753935	0.0	0.0
1423	-0.00674582682082	0.0047589663696	0.262980942733
1424	-1.51415765626	5.96449139337e-131	6.26783652632e-131
1425	-0.0393389059491	3.13531595788e-05	0.00041422412002
1426	-0.00227560643753	0.0079144098251	0.637264759579
1427	-0.00316647992484	0.00718826444636	0.534211727522
1428	-3.1143626846	1.56364472911e-268	1.56673427241e-268
1429	0.0070202933316	0.0184814990874	1.0
1430	-238.732963453	0.0	0.0
1431	-7.19049938467	0.0	0.0
1432	-7.5223515987	0.0	0.0
1433	-0.259541737838	1.94675254681e-23	4.80757619235e-23
1434	-0.0349764286023	6.64458963753e-05	0.000982576000268
1435	-7.19049938467	0.0	0.0
1436	-0.0576414563178	1.2032885072e-06	1.10507931872e-05
1437	0.00678353993223	0.0181489436924	1.0
1438	-0.0492515606543	5.45885974668e-06	5.81893034551e-05
1439	-40.9886233827	0.0	0.0
1440	-0.471141032959	1.87048609778e-41	3.06505123936e-41
1441	-14.0916167782	0.0	0.0
1442	-1.19934067987	6.71378887742e-104	7.38458750048e-104
1443	-0.0629809060919	4.54388893688e-07	3.83930419806e-06
1444	-2.66915881064	2.99310514715e-230	3.00755327057e-230
1445	-14.217201552	0.0	0.0
1446	-690.082314342	0.0	0.0
1447	-0.00796318288317	0.0040988297287	0.206653828673
1448	-490.555852218	0.0	0.0
1449	-0.00685919366487	0.00469413005513	0.257143664189
1450	-0.088355806208	4.08991842752e-09	2.52497488152e-08
1451	-0.632113435496	3.16387222279e-55	4.40931737196e-55
1452	-0.333482698764	1.02568473133e-29	2.10727014909e-29
1453	0.00649198394661	0.0177434539174	1.0
1454	-709.7756926	0.0	0.0
1455	-646.654387781	0.0	0.0
1456	-4.17959217139	0.0	0.0
1457	-709.7756926	0.0	0.0
1458	-0.208752984415	3.82312777573e-19	1.12012553027e-18
1459	-1.53743768687	5.95278354301e-133	6.24109324962e-133
1460	-467.805348858	0.0	0.0
1461	0.00702022836919	0.0184814074385	1.0
1462	7.82473312001e-05	0.0100776628477	1.0
1463	-0.0497212015619	5.01922121465e-06	5.30223036544e-05
1464	-0.392279730995	1.00713606717e-34	1.8524450678e-34
1465	-0.0824873559397	1.22736264032e-08	8.07024844375e-08
1466	-0.00980906100681	0.00324135475833	0.143388997551
1467	-0.0382823295131	3.76534520453e-05	0.000510611646698
1468	0.00402607691883	0.0145021715517	1.0
1469	0.0070202933316	0.0184814990874	1.0
1470	-709.7756926	0.0	0.0
1471	-162.373413952	0.0	0.0
1472	-0.00585574711463	0.00529287496694	0.313662431997
1473	-104.558760383	0.0	0.0
1474	-81.0891223539	0.0	0.0
1475	-371.686585968	0.0	0.0
1476	-78.0218840141	0.0	0.0
1477	0.0070202933316	0.0184814990874	1.0
1478	-709.7756926	0.0	0.0
1479	-10.7709693441	0.0	0.0
1480	-233.956439098	0.0	0.0
1481	-1.54751071059	8.10880760706e-134	8.49333522822e-134
1482	-709.7756926	0.0	0.0
1483	-0.76879219711	6.1129076712e-67	7.78614757412e-67
1484	0.00445322208168	0.0150386143306	1.0
1485	-0.0296489303683	0.000162877838644	0.00282149550713
1486	-0.00662206451042	0.00483055469206	0.269504882191
1487	-709.7756926	0.0	0.0
1488	0.0070202933316	0.0184814990874	1.0
1489	-0.001595786012	0.00850251564069	0.729084508097
1490	-148.79569358	0.0	0.0
1491	-709.7756926	0.0	0.0
1492	-28.8614948906	0.0	0.0
1493	-153.674724005	0.0	0.0
1494	-9.03879438475	0.0	0.0
1495	-0.0288924231564	0.000184588118481	0.0032774166128
1496	-0.0134341102015	0.00198995672498	0.0699514520359
1497	-93.6719401825	0.0	0.0
1498	-2.577480259	2.28647639469e-222	2.29974756616e-222
1499	-0.0757265060916	4.32573475499e-08	3.07789968777e-07
